100
444 114 129 51796743
606 363 564 94464741
649 145 586 59876345
566 395 927 55295156
784 328 108 93366815
620 478 126 79824310
676 990 427 22497303
305 698 559 77287412
670 905 150 18426870
214 241 951 63396416
232 517 533 61454073
635 262 298 95525532
441 852 276 35777070
551 864 575 80385342
431 669 187 21773245
464 815 414 61686770
690 874 815 13679325
217 814 230 95906355
357 456 756 50241658
977 949 917 72760722
809 103 720 17860548
384 643 610 90516120
297 693 110 75041353
297 257 600 43394459
454 908 295 90296843
369 898 212 15894918
432 614 412 35385711
794 426 110 80846128
872 373 395 52100677
548 492 259 51407820
859 212 677 60027974
599 616 818 47537693
363 190 468 23059302
997 853 495 64306877
632 966 783 71004914
144 511 827 76582502
235 682 186 59349991
353 122 567 40571922
194 337 943 78586767
415 302 205 38865361
276 823 948 92716367
370 687 684 25075529
405 396 376 46206531
547 920 496 21941208
621 680 860 34320476
352 367 380 93327391
471 925 772 26379758
823 585 326 82137691
769 418 651 14237322
106 936 908 53674116
309 901 206 18816491
164 757 843 48131051
462 897 521 14738484
625 275 426 75993908
338 396 883 36038599
143 234 892 85757973
573 793 642 67184651
417 556 702 84533757
487 369 166 51140371
981 886 603 30672727
562 480 821 49496559
764 570 645 99112648
855 234 513 32270157
901 231 704 98207442
216 221 642 12500441
847 580 179 51177462
867 179 614 70531166
945 385 947 80130233
274 123 272 71924217
356 822 668 11000361
910 167 680 58153914
368 505 988 93510777
664 792 745 11990139
453 125 886 71632525
496 949 636 69401449
603 713 541 82704446
356 558 774 34605873
1000 745 492 12579238
561 104 477 68995621
165 860 345 87889427
210 352 912 55824680
923 629 602 94653807
605 418 845 92486963
303 709 478 36435143
465 167 841 47838619
543 191 516 55611300
153 717 791 65357972
330 247 485 83684750
706 339 684 33260091
714 444 211 53488692
205 154 777 61461525
774 328 518 17565708
319 275 134 26842454
515 235 708 85759228
530 458 926 16351338
188 686 528 19393761
488 895 512 93390330
417 799 550 31897029
846 822 780 41819773
907 485 718 50964280
